0.04098056  0.03781941  0.04129607  0.08290678  0.03396377 -0.02762779
  0.02974384  0.0870173   0.01560966  0.10858125 -0.00639777  0.04458118
 -0.06907023  0.10958651 -0.04158547  0.05945163  0.02219268 -0.10064366
  0.04292522 -0.16268304  0.02533045  0.11138831 -0.06516177 -0.07276627
  0.02151431 -0.04105379 -0.0336504   0.02269059  0.04558544  0.12838754
 -0.09186849 -0.00974292 -0.01707726 -0.01053026 -0.04005642 -0.06780915
  0.060258    0.00085633 -0.0328946   0.04209621  0.0164311   0.07966629
  0.04793119  0.01528482 -0.01214836  0.07565137 -0.08466494 -0.00227068
 -0.05346111 -0.05390253  0.07306129 -0.02055895  0.07591063 -0.03416547
 -0.04473646  0.00830125  0.10202453  0.03954536  0.07604183 -0.00268414
  0.06155333 -0.03808542 -0.10096468 -0.05091375 -0.05407145  0.04674136
  0.07138958 -0.03443937  0.00703881 -0.11381932  0.04436432 -0.04375381
 -0.00391838 -0.02535461  0.09083397  0.07413933 -0.04637818 -0.01925343
  0.07336342 -0.10737123 -0.09760509 -0.13775431  0.00116674 -0.02870127
  0.03425929  0.04284522 -0.10469498  0.04968727  0.04973048 -0.02378733
  0.06840695  0.02395409  0.02580144 -0.03160226  0.0969729   0.02257092
  0.07885317 -0.09326462 -0.02097963  0.03449899 -0.0507702   0.007881
  0.00535612 -0.06390139  0.0163703  -0.01693163 -0.07133142 -0.0508293
 -0.04495753  0.03602493 -0.08891401  0.01320454  0.0668641   0.07188799
  0.00245052  0.02949094  0.01631933 -0.016906   -0.09532036 -0.04806565
  0.00315044 -0.10432842  0.00524095  0.00218178 -0.03063894  0.01957637
 -0.0568256   0.054618    0.0637265  -0.03203038 -0.03922052 -0.04953315
 -0.04372817 -0.01729102 -0.0166869   0.03548239  0.12131581  0.031253
 -0.02319402 -0.0396407  -0.02804712 -0.0203968   0.09339109  0.01277662
  0.04104068  0.10406961  0.07110501 -0.0746567  -0.01565257  0.02272874
 -0.02096727 -0.0485519  -0.02165604 -0.06939363  0.08899539  0.08303791
 -0.01754214 -0.03798696  0.08628872  0.05202278  0.02660563  0.03875726
 -0.01948023  0.04315238 -0.05239259  0.10518849 -0.02925407 -0.01458624
 -0.07455481 -0.05042622  0.00172442  0.00327642 -0.09265758 -0.03857805
  0.08355492 -0.0450299  -0.11940645  0.06625829  0.01104307 -0.00939113
  0.04772675  0.01801359  0.00777986  0.0020775  -0.04963884 -0.04375613
  0.0261804   0.04232039 -0.09040352 -0.01284466  0.02267557  0.01147429
  0.01952656 -0.14150317 -0.01184164 -0.00499405 -0.12063162 -0.12538131
 -0.00960856 -0.09053261 -0.0420741  -0.03527026 -0.07655632 -0.0416241
  0.02643225 -0.07403205  0.00473625 -0.06079922 -0.00689052  0.00690477
 -0.0964803   0.06258456 -0.14068961 -0.06537475  0.13800766  0.05732737
 -0.0251011  -0.02912167  0.04381506  0.03407464 -0.06198291  0.00458785
  0.00958649 -0.05496721  0.00917594 -0.00372077 -0.03695308  0.03096103
 -0.09378631 -0.00054014 -0.06433153 -0.07048191  0.00886405 -0.0360214
 -0.02329978  0.02880453 -0.02166925 -0.07895663  0.0336507  -0.04355351
 -0.01991501  0.09443253  0.01281501 -0.07927848 -0.01177789 -0.10665042
 -0.01396574  0.05894345 -0.08370541  0.09875757  0.03377901  0.0458107
 -0.03396114 -0.09776045  0.10126707  0.01228188